
#zmax     zmin    l_eff
-463.125 -999. 64.4168857142857 
-438.75 -463.125 62.7134714285714 
-414.375 -438.75 59.8110285714286 
-390 -414.375 57.1850571428571 
-365.625 -390 54.3017857142857 
-341.25 -365.625 57.8092571428571 
-316.875 -341.25 61.6024714285714 
-292.5 -316.875 61.0360285714286 
-268.125 -292.5 56.0670142857143 
-243.75 -268.125 46.9403285714286 
-219.375 -243.75 40.407 
-195 -219.375 36.8566142857143 
-170.625 -195 35.5165714285714 
-146.25 -170.625 35.2084714285714 
-121.875 -146.25 33.3700142857143 
-97.5 -121.875 27.9407857142857 
-73.125 -97.5 15.3864571428571 
-48.75 -73.125 19.4095857142857 
-24.375 -48.75 24.9234714285714 
0 -24.375 28.1623 
24.375 0 31.2312714285714 
48.75 24.375 34.5902142857143 
73.125 48.75 35.4060571428571 
97.5 73.125 34.3415714285714 
121.875 97.5 33.7815714285714 
146.25 121.875 34.8544142857143 
170.625 146.25 35.5748142857143 
195 170.625 34.8482 
219.375 195 32.1317428571429 
243.75 219.375 30.6803142857143 
268.125 243.75 31.8880857142857 
292.5 268.125 33.2026285714286 
316.875 292.5 33.5645571428571 
341.25 316.875 30.3627857142857 
365.625 341.25 26.5088571428571 
390 365.625 22.7259714285714 
414.375 390 22.4826714285714 
438.75 414.375 25.0236428571429 
463.125 438.75 26.3814142857143 
999. 463.125 27.3881285714286
