4.00145
1.00142
0.445833
0.25136
0.161333
0.112418
0.0829143
0.0637573
0.0506164
0.041211
0.0342469
0.0289456
0.024816
0.0215356
0.0188861
0.0167147
0.0149125
0.0133999
0.0121176
0.0110208
0.0100752
0.00925388
0.00853582
0.00790423
0.0073456
0.00684897
0.00640536
0.00600738
0.00564888
0.00532472
0.00503056
0.00476275
0.00451816
0.00429413
0.00408837
0.00389889
0.00372397
0.00356213
0.00341205
0.00327259
0.00314274
0.00302161
0.0029084
0.00280243
0.00270306
0.00260975
0.00252198
0.0024393
0.00236133
0.00228769
0.00221806
0.00215213
0.00208964
0.00203034
0.001974
0.00192043
0.00186944
0.00182086
0.00177452
0.00173029
0.00168803
0.00164762
0.00160895
0.00157192
0.00153642
0.00150237
0.00146969
0.00143831
0.00140814
0.00137912
0.0013512
0.00132431
0.0012984
0.00127342
0.00124932
0.00122606
0.0012036
0.0011819
0.00116093
0.00114064
0.00112101
0.00110201
0.0010836
0.00106577
0.00104849
0.00103172
0.00101546
0.00099968
0.000984357
0.000969474
0.000955014
0.000940959
0.000927293
0.000914
0.000901066
0.000888478
0.000876222
0.000864285
0.000852655
0.000841322
0.000830274
0.000819501
0.000808994
0.000798742
0.000788738
0.000778971
0.000769435
0.000760121
0.000751022
0.000742131
0.000733441
0.000724946
0.000716638
0.000708512
0.000700563
0.000692785
0.000685172
0.00067772
0.000670423
0.000663277
0.000656277
0.000649419
0.000642699
0.000636113
0.000629657
0.000623327
0.000617119
0.000611031
0.000605058
0.000599199
0.000593448
0.000587805
0.000582265
0.000576826
0.000571485
0.00056624
0.000561088
0.000556027
0.000551054
0.000546168
0.000541365
0.000536644
0.000532004
0.000527441
0.000522954
0.000518541
0.000514201
0.000509931
0.00050573
0.000501596
0.000497528
0.000493525
0.000489584
0.000485704
0.000481884
0.000478123
0.000474419
0.000470771
0.000467177
0.000463637
0.00046015
0.000456713
0.000453327
0.00044999
0.0004467
0.000443458
0.000440262
0.00043711
0.000434003
0.000430939
0.000427917
0.000424937
0.000421997
0.000419097
0.000416236
0.000413414
0.000410629
0.00040788
0.000405168
0.000402491
0.000399849
0.00039724
0.000394665
0.000392123
0.000389613
0.000387134
0.000384686
0.000382269
0.000379882
0.000377523
0.000375194
0.000372893
0.000370619
0.000368373
0.000366153
0.00036396
0.000361793
0.00035965
0.000357533
0.000355441
0.000353372
0.000351327
0.000349306
0.000347307
0.000345331
0.000343377
0.000341444
0.000339533
0.000337643
0.000335774
0.000333925
0.000332097
0.000330288
0.000328498
0.000326728
0.000324976
0.000323243
0.000321528
0.000319831
0.000318151
0.000316489
0.000314845
0.000313217
0.000311605
0.00031001
0.000308431
0.000306868
0.000305321
0.000303788
0.000302272
0.00030077
0.000299282
0.00029781
0.000296351
0.000294907
0.000293477
0.00029206
0.000290657
0.000289267
0.00028789
0.000286526
0.000285175
0.000283837
0.000282511
0.000281197
0.000279895
0.000278605
0.000277327
0.000276061
0.000274806
0.000273562
0.000272329
0.000271108
0.000269897
0.000268697
0.000267507
0.000266328
0.000265159
0.000264001
0.000262852
0.000261713
0.000260584
0.000259465
0.000258355
0.000257254
0.000256163
0.000255081
0.000254008
0.000252944
0.000251889
0.000250842
0.000249804
0.000248775
0.000247754
0.000246741
0.000245737
0.00024474
0.000243752
0.000242771
0.000241798
0.000240833
0.000239876
0.000238926
0.000237984
0.000237049
0.000236121
0.000235201
0.000234287
0.000233381
0.000232481
0.000231589
0.000230703
0.000229824
0.000228952
0.000228086
0.000227227
0.000226374
0.000225527
0.000224687
0.000223853
0.000223025
0.000222203
0.000221387
0.000220577
0.000219773
0.000218975
0.000218182
0.000217395
0.000216614
0.000215839
0.000215068
0.000214304
0.000213545
0.000212791
0.000212042
0.000211299
0.00021056
0.000209827
0.000209099
0.000208376
0.000207658
0.000206945
0.000206237
0.000205533
0.000204834
0.00020414
0.000203451
0.000202766
0.000202086
0.000201411
0.000200739
0.000200073
0.00019941
0.000198753
0.000198099
0.00019745
0.000196804
0.000196163
0.000195527
0.000194894
0.000194265
0.000193641
0.00019302
0.000192403
0.000191791
0.000191182
0.000190577
0.000189976
0.000189378
0.000188784
0.000188194
0.000187608
0.000187025
0.000186446
0.000185871
0.000185298
0.00018473
0.000184165
0.000183603
0.000183045
0.00018249
0.000181939
0.00018139
0.000180845
0.000180304
0.000179765
0.00017923
0.000178698
0.000178169
0.000177643
0.00017712
0.000176601
0.000176084
0.00017557
0.00017506
0.000174552
0.000174047
0.000173545
0.000173046
0.00017255
0.000172057
0.000171566
0.000171079
0.000170594
0.000170111
0.000169632
0.000169155
0.000168681
0.000168209
0.00016774
0.000167274
0.00016681
0.000166349
0.00016589
0.000165434
0.000164981
0.00016453
0.000164081
0.000163635
0.000163191
