+21.61
+21.62
+21.63
+21.64
+29.59
+29.60
+29.61
+29.62
+29.63
+29.64
+30.23
+30.60
+30.61
+30.62
+30.63
+30.64
+38.59
+38.61
+38.62
+38.63
+38.64
+39.08
+39.21
+39.22
+39.61
+39.62
+39.63
+39.64
+40.51
+40.52
+40.61
+40.62
+40.63
+40.64
+44.25
+44.26
+44.47
+44.48
+44.55
+44.56
+44.61
+44.62
+44.63
+44.64
+45.24
+45.61
+45.62
+45.63
+45.64
+46.49
+46.50
+46.53
+46.61
+46.62
+46.63
+46.64
+47.55
+47.56
+47.61
+47.62
+47.63
+47.64
+48.61
+48.62
+48.63
+48.64
+49.61
+49.62
+49.63
+49.64
+50.36
+50.58
+50.61
+50.62
+50.63
+50.64
+52.61
+52.62
+52.63
+52.64
+53.17
+53.18
+53.59
+53.60
+53.61
+53.62
+53.63
+53.64
+54.47
+54.61
+54.62
+54.63
+54.64
+55.11
+55.61
+55.62
+55.63
+55.64
+56.61
+56.62
+56.63
+56.64
+57.61
+57.62
+57.63
+57.64
+58.61
+58.62
+58.63
+58.64
+59.61
+59.62
+59.63
+59.64
+60.26
+60.61
+60.62
+60.63
+60.64
+61.61
+61.62
+61.63
+61.64
+62.26
+62.61
+62.62
+62.63
+62.64
+63.61
+63.62
+63.63
+63.64
+64.61
+64.62
+64.63
+64.64
+65.61
+65.62
+65.63
+65.64
+66.33
+66.34
+66.45
+66.46
+66.61
+66.62
+66.63
+66.64
+67.61
+67.62
+67.63
+67.64
+68.61
+68.62
+68.63
+68.64
+69.23
+69.24
+69.44
+69.47
+69.48
+69.61
+69.62
+69.63
+69.64
+70.61
+70.62
+70.63
+70.64
+71.39
+71.61
+71.62
+71.63
+71.64
+72.33
+72.34
+72.35
+72.36
+72.37
+72.38
+72.43
+72.61
+72.62
+72.63
+72.64
+73.61
+73.62
+73.63
+73.64
+74.09
+74.61
+74.62
+74.63
+74.64
+75.61
+75.62
+75.63
+75.64
+76.61
+76.62
+76.63
+76.64
+77.47
+77.48
+77.61
+77.62
+77.63
+77.64
+78.61
+78.62
+78.63
+78.64
-1.03
-10.01
-11.01
-11.02
-11.03
-11.04
-11.25
-12.02
-12.08
-12.10
-12.39
-12.40
-12.41
-12.42
-13.01
-13.02
-13.03
-13.14
-13.15
-13.20
-13.30
-13.32
-13.36
-13.38
-13.39
-13.40
-13.41
-13.42
-14.02
-14.10
-14.14
-14.18
-14.19
-14.21
-14.25
-14.27
-14.35
-15.03
-15.05
-15.13
-15.20
-15.21
-15.24
-15.33
-15.39
-16.02
-16.04
-16.16
-16.17
-16.20
-16.21
-16.31
-17.01
-17.02
-17.03
-17.04
-17.05
-17.06
-17.07
-17.08
-17.09
-17.10
-17.11
-17.12
-17.13
-17.14
-17.15
-17.16
-17.17
-17.18
-17.19
-17.20
-17.21
-17.22
-17.23
-17.24
-17.25
-17.26
-17.27
-17.28
-17.29
-17.30
-17.31
-17.32
-17.33
-17.34
-17.35
-17.36
-17.37
-17.38
-17.39
-17.40
-17.41
-17.42
-18.03
-18.04
-18.05
-18.06
-18.07
-18.08
-18.09
-18.10
-18.11
-18.14
-18.20
-18.24
-18.25
-18.36
-18.39
-18.40
-19.01
-19.04
-2.08
-2.12
-2.20
-3.01
-3.07
-3.10
-3.13
-3.17
-4.01
-4.02
-4.06
-4.07
-4.18
-4.21
-4.22
-4.23
-4.24
-4.25
-4.26
-5.10
-5.31
-6.21
-7.28
-8.01
-8.03
-8.05
-8.21
-9.01
-9.02
-9.05
-9.35
-9.36
